leo:2:5:2020-04-22 15:16:50.095245
timoleon:2:11:2020-04-22 15:17:23.271854
Bina:2:15:2020-04-29 16:18:03.697621
Bina:2:11:2020-04-29 16:18:41.189552
Bina:1:35:2020-04-29 16:43:41.386095
