leo:2:5:2020-04-22 15:16:50.095245
timoleon:2:11:2020-04-22 15:17:23.271854
